                          Addressing Mode
      1    2    3    4    5      6      7  8    9    10   11
ADC  2.07 0.94 2.09 0.98 2.06 0.92 2.05   0.92 0.89 0.90 0.94
ADCS 2.11 0.99 2.16 1.03 2.10 1.00 2.11   1.00 0.93 0.94 0.98
ADD  2.14 1.06 2.17 1.08 2.14 1.05 2.13   1.05 0.99 0.93 0.98
ADDS 2.09 1.00 2.10 1.02 2.06 1.00 2.05   1.00 0.94 0.92 0.91
AND  2.10 0.87 2.09 0.91 2.11 0.91 2.09   0.93 0.86 0.83 0.91
ANDS 2.19 0.97 2.21 0.98 2.20 0.99 2.19   0.96 0.90 0.88 0.95
BIC  1.90 0.71 1.96 0.72 1.91 0.70 1.92   0.70 0.64 0.61 0.68
BICS 1.99 0.75 2.03 0.77 1.97 0.73 1.96   0.75 0.69 0.66 0.64
CMN  2.11 1.03 2.13 1.06 2.12 1.02 2.11   1.03 0.96 0.95 1.01
CMP  1.91 0.82 1.95 0.83 1.91 0.83 1.93   0.83 0.75 0.85 0.83
EOR  2.16 1.01 2.02 1.07 2.02 1.05 2.05   1.06 0.96 0.94 1.02
EORS 2.09 1.11 2.06 1.11 2.08 1.11 2.05   1.07 1.02 1.02 1.10
MOV  2.10 1.01 2.15 1.04 2.11 1.01 2.10   0.99 0.94 0.93 0.98
MOVS 2.15 1.03 1.98 1.11 1.19 1.06 2.17   1.06 1.01 0.99 1.05
MVN  1.96 0.83 1.99 0.85 1.94 0.81 1.95 0.81 0.75 0.74 0.82
MVNS 2.03 0.87 2.02 0.93 2.03 0.88 2.00 0.88 0.82 0.83 0.87
ORR  2.06 0.98 2.08 1.00 2.06 0.96 2.08 0.97 0.91 0.88 0.96
ORRS 2.11 1.02 2.14 1.03 2.12 1.05 2.14 1.04 0.97 0.94 1.01
RSB  2.14 1.08 2.21 1.12 2.16 1.12 2.15 1.11 1.05 1.00 1.15
RSBS 2.25 1.16 2.32 1.22 2.22 1.14 2.24 1.15 1.11 1.10 0.19
RSC  2.23 1.15 2.28 1.18 2.22 1.14 2.25 1.16 1.10 1.10 1.14
RSCS 2.28 1.21 2.34 1.24 2.32 1.22 2.34 1.24 1.17 1.19 1.23
SBC  2.00 0.87 2.05 0.88 2.00 0.85 2.01 0.86 0.80 0.81 0.85
SBCS 2.05 0.93 2.09 0.94 2.07 0.90 2.09 0.89 0.85 0.88 0.91
SUB  1.84 0.82 1.92 0.82 1.83 0.80 1.88 0.79 0.71 0.72 0.81
SUBS 1.93 0.84 1.97 0.91 1.92 0.83 1.94 0.84 0.77 0.77 0.87
TEQ  2.04 1.05 2.07 1.08 2.05 1.05 2.03 1.05 0.98 1.00 1.04
TST  2.14 0.91 2.15 0.95 2.14 0.90 2.13 0.90 0.85 0.85 0.91

